theta1,theta2,x,y,I,time
0.0,0.0,0.0,0.0,0.0,9.999999974752427e-07
0.0436143337401531,-0.19625730205292716,-0.009477615356445312,0.014893651008605957,0.0,0.01065600011497736
0.3052907364773893,-0.9812941900275818,-0.041973114013671875,0.07988417148590088,0.0,0.021696999669075012
1.057619994050626,-2.4314220683914844,-0.08529949188232422,0.21663492918014526,0.0,0.0327409990131855
2.464140738452137,-4.165039276184909,-0.10560894012451172,0.4116063714027405,0.0,0.04395100101828575
4.666592114567067,-6.018599021667452,-0.08394622802734375,0.663444459438324,0.0,0.054999999701976776
7.414213542715411,-8.002990248726034,-0.03655719757080078,0.9572555422782898,0.0,0.06571300327777863
10.347188929474237,-10.608869172092946,-0.01624774932861328,1.3011634945869446,0.0,0.07656300067901611
13.487330721550647,-14.119713121568108,-0.039264678955078125,1.714123785495758,0.0,0.08798100054264069
16.889141236601347,-17.739598185230676,-0.05280494689941406,2.1501014828681946,0.0,0.09866800159215927
20.81431991665241,-21.762893516678602,-0.05889701843261719,2.643622934818268,0.0,0.10976199805736542
25.033877350005103,-26.255036456033185,-0.0758218765258789,3.184533178806305,0.0,0.12099000066518784
29.526016449478213,-30.692664598116277,-0.07243728637695312,3.7389832139015198,0.0,0.13169899582862854
34.51970550742238,-35.533710687747664,-0.06295967102050781,4.3496227860450745,0.0,0.14277400076389313
39.76417338448354,-40.66914129050289,-0.056189537048339844,4.994111597537994,0.0,0.1538189947605133
45.19399618012555,-45.9027000642994,-0.04400348663330078,5.656201899051666,0.0,0.16465899348258972
50.8527872681182,-51.56149115229205,-0.04400348663330078,6.358911573886871,0.0,0.17568300664424896
56.77325091896661,-57.43834910913362,-0.04129600524902344,7.091408312320709,0.0,0.186708003282547
62.80274800423948,-63.63139442610245,-0.05145072937011719,7.850307047367096,0.0,0.19772200286388397
69.1375463856638,-70.11883577583954,-0.0609283447265625,8.646441042423248,0.0,0.20884700119495392
75.62498005563793,-76.54085322504048,-0.05686664581298828,9.447990000247955,0.0,0.21980799734592438
82.30867774745758,-83.18092986332739,-0.05415821075439453,10.275264322757721,0.0,0.2307630032300949
89.14501840759,-89.93004377592024,-0.04874229431152344,11.1187863945961,0.0,0.2415419965982437
96.38477701527071,-97.0716857322041,-0.04265022277832031,12.011728823184967,0.0,0.2528589963912964
103.50460076502527,-104.18060421857547,-0.041973114013671875,12.895192682743073,0.0,0.26383599638938904
110.77707516285554,-111.50758957379576,-0.045357704162597656,13.80167442560196,0.0,0.2748059928417206
118.32212738692475,-119.06354706124814,-0.046034812927246094,14.739297449588776,0.0,0.285955011844635
125.88898245799739,-126.55408064816439,-0.04129600524902344,15.674212038516998,0.0,0.2969200015068054
133.53216669298936,-134.26268110392957,-0.045357704162597656,16.62740570306778,0.0,0.3078779876232147
141.30619104929067,-142.06942125038043,-0.04738903045654297,17.594816744327545,0.0,0.3188210129737854
149.34188028868482,-150.24684819470417,-0.056189537048339844,18.601490557193756,0.0,0.32999199628829956
157.3012557236855,-158.31526090401078,-0.06295967102050781,19.59665733575821,0.0,0.3409560024738312
165.48960329091832,-166.47089268109406,-0.0609283447265625,20.6114564538002,0.0,0.351936012506485
173.73247717506703,-174.6810507750932,-0.05889701843261719,21.633026659488678,0.0,0.3629019856452942
181.90990411939075,-182.8911935095665,-0.0609283447265625,22.65053230524063,0.0,0.37369200587272644
190.31631087570955,-191.33031605603483,-0.06295967102050781,23.696472704410553,0.0,0.38465699553489685
198.78814921232743,-199.76943860250316,-0.0609283447265625,24.746475756168365,0.0,0.3956510126590729
207.57616338942813,-208.59016856975342,-0.06295967102050781,25.839804232120514,0.0,0.4069800078868866
216.11342562658217,-217.02929879598472,-0.05686664581298828,26.893869936466217,0.0,0.41774898767471313
224.8687393730592,-225.7737072790786,-0.056189537048339844,27.980429232120514,0.0,0.42875200510025024
233.61315553591606,-234.57263439932544,-0.059574127197265625,29.069696962833405,0.0,0.439736008644104
242.34665875562675,-243.31704288241932,-0.06025123596191406,30.154902040958405,0.0,0.45057499408721924
251.53809856003872,-252.57389890760447,-0.06431293487548828,31.30035835504532,0.0,0.46193400025367737
260.58780065952106,-261.55818478631363,-0.06025123596191406,32.42009025812149,0.0,0.4729579985141754
269.7138165633969,-270.5642735120262,-0.05280494689941406,33.545914232730865,0.0,0.4839569926261902
278.6654020114824,-279.5485593907354,-0.05483531951904297,34.659554064273834,0.0,0.4948430061340332
287.8023231787414,-288.70729108476075,-0.056189537048339844,35.7955327630043,0.0,0.5058820247650146
297.0810127699818,-297.9423596224684,-0.053481101989746094,36.94505363702774,0.0,0.5169619917869568
305.99985170886595,-306.81759286734575,-0.05077362060546875,38.04988914728165,0.0,0.5276690125465393
315.4965774499035,-316.24890238761003,-0.04671192169189453,39.225132524967194,0.0,0.5389090180397034
324.8188727351507,-325.6802195876373,-0.053481101989746094,40.38954597711563,0.0,0.5499910116195679
333.8249614608633,-334.751739893649,-0.05754375457763672,41.5119863152504,0.0,0.5606970191001892
343.2453810772703,-344.226670467446,-0.0609283447265625,42.68520027399063,0.0,0.5717660188674927
352.80753071884396,-353.82153589916925,-0.06295967102050781,43.87466102838516,0.0,0.5829759836196899
361.97715999648955,-363.0456761342049,-0.0663442611694336,45.016731798648834,0.0,0.5936629772186279
371.4739087768159,-372.5097091243817,-0.06431293487548828,46.19400840997696,0.0,0.6047279834747314
381.06876652877617,-382.1917936238815,-0.06972885131835938,47.39091545343399,0.0,0.6159560084342957
390.3583383441109,-391.4268544818262,-0.0663442611694336,48.541111528873444,0.0,0.626649022102356
399.8986774589182,-400.9344778064839,-0.06431293487548828,49.72380119562149,0.0,0.6376850008964539
409.56986437479776,-410.50754807096666,-0.058220863342285156,50.91867882013321,0.0,0.6487590074539185
419.3064751912135,-420.3204803715388,-0.06295967102050781,52.13251167535782,0.0,0.6599519848823547
428.9885673704763,-429.95895149726886,-0.06025123596191406,53.332127153873444,0.0,0.6709949970245361
438.3762865562597,-439.3139702524286,-0.058220863342285156,54.495865404605865,0.0,0.6816750168800354
448.1564877071564,-449.0069446557857,-0.05280494689941406,55.7049565911293,0.0,0.6927570104598999
457.99123053449483,-458.92891423066374,-0.058220863342285156,56.9316526055336,0.0,0.7039629817008972
467.68422029737786,-468.65460442417043,-0.06025123596191406,58.13736015558243,0.0,0.7149999737739563
477.02831074986557,-477.99869487665813,-0.06025123596191406,59.297710955142975,0.0,0.7256649732589722
486.8412584099636,-487.72441578921655,-0.05483531951904297,60.51086860895157,0.0,0.7367269992828369
496.71959925154596,-497.61366189418214,-0.055512428283691406,61.73823982477188,0.0,0.7479259967803955
506.4780129149652,-507.3829808209845,-0.056189537048339844,62.950718462467194,0.0,0.7589470148086548
516.1927901653257,-517.261306303041,-0.0663442611694336,64.16725593805313,0.0,0.7699670195579529
525.8640001204941,-527.0088377423658,-0.07108306884765625,65.37296730279922,0.0,0.7808390259742737
535.7205150757843,-536.8653526976559,-0.07108306884765625,66.59695106744766,0.0,0.7919210195541382
545.5007315862068,-546.7327959556181,-0.07649898529052734,67.81687599420547,0.0,0.802964985370636
555.052022042975,-556.2840864123863,-0.07649898529052734,69.00295692682266,0.0,0.8136940002441406
565.0175589130451,-566.2278127556901,-0.07514476776123047,70.2391248345375,0.0,0.8249070048332214
574.8632300430558,-576.095294412467,-0.07649898529052734,71.46311622858047,0.0,0.8359689712524414
584.4144513819574,-585.559289003829,-0.07108306884765625,72.64377266168594,0.0,0.8466489911079407
594.314618109832,-595.4812662584701,-0.07243728637695312,73.87453132867813,0.0,0.8577229976654053
604.2583982114764,-605.5231783710373,-0.07853031158447266,75.11544471979141,0.0,0.8689420223236084
614.1694778824972,-615.3579365579017,-0.07379150390625,76.3414655327797,0.0,0.8799880146980286
623.7752024990259,-624.9200401208976,-0.07108306884765625,77.53159767389297,0.0,0.8907009959220886
633.5009234115844,-634.5694395492997,-0.0663442611694336,78.73460060358047,0.0,0.9015480279922485
643.6518343996428,-644.7530663275077,-0.0683755874633789,79.99717384576797,0.0,0.912962019443512
653.4647743799778,-654.5551010444595,-0.06769847869873047,81.21506935358047,0.0,0.9239910244941711
662.9833490465965,-664.0518651843117,-0.0663442611694336,82.39573341608047,0.0,0.9346870183944702
672.9488859166667,-674.0392125811484,-0.06769847869873047,83.63460975885391,0.0,0.9459109902381897
682.7182509220466,-683.950315291458,-0.07649898529052734,84.85657173395157,0.0,0.9569630026817322
692.4548310194107,-693.806837926511,-0.08394622802734375,86.0731092095375,0.0,0.9679909944534302
701.9188716893503,-703.3472000806072,-0.0886850357055664,87.25309425592422,0.0,0.9786880016326904
711.8844392784723,-713.3127676697292,-0.0886850357055664,88.49062019586563,0.0,0.9899129867553711
721.6428759811804,-723.0929995396776,-0.09003829956054688,89.70377784967422,0.0,1.0009510517120361
730.692532002085,-732.1099551299586,-0.08800792694091797,90.82553535699844,0.0,1.011718988418579
738.9681139966203,-740.4618586086503,-0.09274673461914062,91.85793739557266,0.0,1.0228079557418823
745.760848962746,-747.4290470698551,-0.10357856750488281,92.7122922539711,0.0,1.033728003501892
751.6049719300306,-753.1968485529834,-0.09883975982666016,93.43327766656876,0.0,1.044847011566162
756.1625656490917,-757.950690934364,-0.11102485656738281,94.01142555475235,0.0,1.055953025817871
759.8478458141793,-761.2543636786697,-0.08733081817626953,94.44537025690079,0.0,1.0668859481811523
762.3773754142492,-763.6203450470437,-0.07717609405517578,94.74933296442032,0.0,1.077666997909546
763.6857766273428,-765.4302962186082,-0.10831737518310547,94.94295173883438,0.0,1.0888030529022217
763.9038895747693,-766.3898288403582,-0.15435218811035156,95.01607185602188,0.0,1.0999070405960083
763.6203527268066,-766.2698402240915,-0.1645069122314453,94.99101692438126,0.0,1.1108180284500122
762.8898767146811,-765.266778705964,-0.1475820541381836,94.88338142633438,0.0,1.1219279766082764
761.7777395234331,-763.6749020830114,-0.11779499053955078,94.7154889702797,0.0,1.132688045501709
760.1640293344251,-761.4615099246096,-0.08056068420410156,94.47786384820938,0.0,1.1438210010528564
757.9943043081338,-759.0628204458491,-0.0663442611694336,94.19421058893204,0.0,1.154708981513977
755.0940264720875,-756.4678285464283,-0.08529949188232422,93.85300880670547,0.0,1.1658339500427246
751.6921986775702,-753.5566454469989,-0.11576366424560547,93.46103340387344,0.0,1.1769789457321167
748.1486638971751,-750.2420904785988,-0.12998104095458984,93.03521400690079,0.0,1.1879040002822876
744.3107330840116,-746.3932544020522,-0.1293039321899414,92.55794197320938,0.0,1.1989970207214355
740.1892961419373,-742.446270955057,-0.1401357650756836,92.05697304010391,0.0,1.209758996963501
735.7516603200912,-737.9105031222882,-0.13404273986816406,91.49981361627579,0.0,1.2208939790725708
731.0632418392468,-733.2111793780606,-0.13336563110351562,90.91692787408829,0.0,1.2318099737167358
726.1022762512151,-728.1957028326389,-0.12998104095458984,90.29748970270157,0.0,1.2428909540176392
720.9559365451952,-722.9403258523131,-0.12321090698242188,89.6516461968422,0.0,1.253656029701233
715.395258268718,-717.4341585332259,-0.12659549713134766,88.96450477838516,0.0,1.2647390365600586
709.7037782697461,-711.7208833670135,-0.1252422332763672,88.2563825249672,0.0,1.275665044784546
703.6851710883304,-705.6150494380583,-0.1198263168334961,87.5035749077797,0.0,1.2867629528045654
697.4376378532604,-699.3129898860724,-0.1164407730102539,86.72436958551407,0.0,1.29789400100708
691.1355552619857,-692.9236805472581,-0.11102485656738281,85.93635994195938,0.0,1.3087849617004395
684.4518268511142,-686.2399521363866,-0.11102485656738281,85.10637336969376,0.0,1.3198930025100708
677.8335607395937,-679.6434965516324,-0.11237907409667969,84.28587013483047,0.0,1.3306549787521362
670.8227665843822,-672.6545129231872,-0.11373329162597656,83.41662269830704,0.0,1.3417450189590454
663.779264318784,-665.6546163515959,-0.1164407730102539,82.544666826725,0.0,1.3526560068130493
656.528623487009,-658.3058435088981,-0.11034774780273438,81.63818794488907,0.0,1.3637429475784302
649.0707519319017,-650.8370820499334,-0.10967159271240234,80.71139198541641,0.0,1.3748760223388672
641.5147944444492,-643.161182024792,-0.10222434997558594,79.76564460992813,0.0,1.3860009908676147
633.9261288466103,-635.6052322171025,-0.10425567626953125,78.82531410455704,0.0,1.3968909978866577
626.2284490137541,-627.9620633416364,-0.10764026641845703,77.87279945611954,0.0,1.4076789617538452
618.1709799666454,-619.915499557911,-0.10831737518310547,76.87289863824844,0.0,1.4187920093536377
610.1352523284365,-611.9669986672416,-0.11373329162597656,75.88043648004532,0.0,1.4297189712524414
601.903283707671,-603.6914089929434,-0.11102485656738281,74.8554807305336,0.0,1.440835952758789
593.540498004885,-595.3613390803068,-0.11305618286132812,73.81901985406876,0.0,1.451949954032898
585.4066613950422,-587.2384077338472,-0.11373329162597656,72.80963569879532,0.0,1.4626820087432861
576.8039906168779,-578.6030211655334,-0.11170196533203125,71.73932319879532,0.0,1.4739489555358887
568.4738899851895,-570.3056363239947,-0.11373329162597656,70.7069211602211,0.0,1.48465895652771
559.8494701183625,-561.6485006670181,-0.11170196533203125,69.63390785455704,0.0,1.4957209825515747
551.1050309162168,-552.8931562014892,-0.11102485656738281,68.54734474420547,0.0,1.506801962852478
542.4369592768053,-544.2141792986944,-0.11034774780273438,67.47026497125626,0.0,1.5176899433135986
533.5290025620154,-535.3171278472878,-0.11102485656738281,66.36475044488907,0.0,1.5287580490112305
524.5446936440175,-526.2347022778929,-0.10493278503417969,65.24298530817032,0.0,1.5398579835891724
515.6149571215129,-517.2940604920053,-0.10425567626953125,64.1334119439125,0.0,1.5507750511169434
506.4998234417315,-508.08079480130107,-0.09816265106201172,62.99540001153946,0.0,1.5618740320205688
497.37378449856686,-498.87843437398004,-0.09342384338378906,61.85738807916641,0.0,1.5729490518569946
488.4331350329163,-489.8396528974067,-0.08733081817626953,60.741043627262115,0.0,1.5837249755859375
478.95818909959337,-480.4519337116234,-0.09274673461914062,59.569859087467194,0.0,1.5949909687042236
469.9302898471144,-471.44584498591075,-0.0941009521484375,58.45012718439102,0.0,1.6056979894638062
460.498995686376,-462.0363459924128,-0.09545421600341797,57.28030067682266,0.0,1.6167949438095093
451.01315216943283,-452.5395972120865,-0.09477710723876953,56.10166984796524,0.0,1.6279139518737793
441.61455075955513,-443.1955221191247,-0.09816265106201172,54.937935411930084,0.0,1.6388649940490723
432.0523857584556,-433.6551676447915,-0.0995168685913086,53.75185829401016,0.0,1.6499340534210205
422.7519240392636,-424.3983116196063,-0.10222434997558594,52.5996327996254,0.0,1.6606760025024414
413.3096785365643,-414.8906498961339,-0.09816265106201172,51.42303138971329,0.0,1.6716079711914062
403.6821280337433,-405.208573076397,-0.09477710723876953,50.224094927310944,0.0,1.6827139854431152
394.0000281747176,-395.461056996598,-0.09071540832519531,49.017708361148834,0.0,1.6938430070877075
384.2307169276782,-385.81168828724776,-0.09816265106201172,47.812000811100006,0.0,1.7049700021743774
374.63585917571794,-376.2713414926775,-0.1015472412109375,46.62389427423477,0.0,1.7158969640731812
365.1827237691614,-366.7855056554973,-0.0995168685913086,45.447971880435944,0.0,1.726641058921814
355.3589015647319,-356.9834786183083,-0.10087013244628906,44.22940117120743,0.0,1.7377469539642334
345.53505632101366,-347.17053863797327,-0.1015472412109375,43.01015144586563,0.0,1.7488369941711426
335.89659287504657,-337.45575370784974,-0.09680843353271484,41.808506548404694,0.0,1.7597039937973022
326.07275531109127,-327.5883104498876,-0.0941009521484375,40.58587318658829,0.0,1.7707849740982056
316.2271072203696,-317.63362508486,-0.08733081817626953,39.3564687371254,0.0,1.7818470001220703
306.3596716421704,-307.7552842432776,-0.0866537094116211,38.13045173883438,0.0,1.7929110527038574
296.6121632421344,-297.9750600530921,-0.08462238311767578,36.91797310113907,0.0,1.803805947303772
286.62476976672014,-288.0640034213601,-0.08936214447021484,35.682476580142975,0.0,1.8149000406265259
276.648296914215,-278.2074577470182,-0.09680843353271484,34.45104271173477,0.0,1.8259669542312622
266.79174356011015,-268.4272258770697,-0.1015472412109375,33.231792986392975,0.0,1.8368639945983887
256.7171463764452,-258.45076070432754,-0.10764026641845703,31.98682075738907,0.0,1.8479310274124146
246.7188629971737,-248.41976153490646,-0.10560894012451172,30.743200838565826,0.0,1.858996033668518
237.0149679709075,-238.67226081463343,-0.10290145874023438,29.535461962223053,0.0,1.8697329759597778
226.8095153064073,-228.4886186768996,-0.10425567626953125,28.269501268863678,0.0,1.8809820413589478
217.1274231271445,-218.78471597087045,-0.10290145874023438,27.065823137760162,0.0,1.8916540145874023
207.10733690086957,-208.80823543860234,-0.10560894012451172,25.824234545230865,0.0,1.902696967124939
197.07633773144852,-198.80995205933084,-0.10764026641845703,24.580614626407623,0.0,1.913748025894165
186.8817903303315,-188.626309921597,-0.10831737518310547,23.315331041812897,0.0,1.9249399900436401
176.87260936743976,-178.5189969477825,-0.10222434997558594,22.0662961602211,0.0,1.935987949371338
167.09237749749127,-168.684254120444,-0.09883975982666016,20.8484006524086,0.0,1.946694016456604
156.832421555364,-158.34797669416034,-0.0941009521484375,19.56957870721817,0.0,1.95791494846344
146.76872195531928,-148.2406560405829,-0.09139251708984375,18.31715828180313,0.0,1.9689500331878662
136.6832118285082,-137.98069241869268,-0.08056068420410156,17.05390602350235,0.0,1.9800020456314087
126.85937426455288,-128.2658921290433,-0.08733081817626953,15.840750277042389,0.0,1.9906729459762573
